0	-26.2884	-37.4291	-47.2675	-55.5768	-74.8582	-94.535
0.0833333	-26.6921	-37.592	-47.1241	-55.249	-74.0352	-93.0914
0.166667	-26.6557	-37.2674	-46.4382	-54.3458	-72.5509	-90.8803
0.25	-26.4047	-36.6453	-45.3495	-52.976	-70.4298	-87.8197
0.333333	-26.2841	-36.206	-44.5094	-51.895	-68.7057	-85.2921
0.416667	-25.882	-35.4177	-43.2372	-50.3319	-66.3661	-81.9812
0.5	-25.709	-34.988	-42.4844	-49.3843	-64.8982	-79.8622
0.583333	-25.6375	-34.6352	-41.7781	-48.465	-63.4091	-77.6596
0.666667	-25.299	-33.8697	-40.4761	-46.8406	-60.9229	-74.0962
0.75	-24.8013	-32.9233	-38.9675	-44.9935	-58.1707	-70.2123
0.833333	-24.3344	-32.0562	-37.5974	-43.3211	-55.6912	-66.724
0.916667	-24.3483	-31.8616	-37.1413	-42.7077	-54.657	-65.1636
1	-24.2857	-31.5056	-36.4181	-41.7637	-53.122	-62.8895
1.08333	-24.4128	-31.2903	-35.7701	-40.8556	-51.5188	-60.4157
1.16667	-24.059	-30.5296	-34.5007	-39.2807	-49.1286	-57.0066
1.25	-23.7114	-29.7764	-33.2388	-37.7124	-46.7413	-53.5951
1.33333	-22.9811	-28.4973	-31.2705	-35.3296	-43.252	-48.7233
1.41667	-22.6913	-27.8629	-30.204	-34.0036	-41.231	-45.8325
1.5	-22.2746	-27.0949	-28.9964	-32.531	-39.0512	-42.7684
1.58333	-21.505	-25.784	-27.0077	-30.1351	-35.5676	-37.9238
1.66667	-21.1652	-25.018	-25.7072	-28.5127	-33.0838	-34.3618
1.75	-21.0857	-24.6434	-24.9611	-27.5427	-31.5148	-32.0432
1.83333	-20.8285	-24.0634	-23.9752	-26.3124	-29.6309	-29.3421
1.91667	-20.4134	-23.2814	-22.734	-24.7952	-27.3759	-26.1646
2	-20.4023	-22.9938	-22.1001	-23.9529	-25.9764	-24.0683
2.08333	-20.7622	-23.0977	-21.878	-23.5343	-25.0323	-22.4642
2.16667	-20.8435	-22.9311	-21.4007	-22.8697	-23.8666	-20.6721
2.25	-20.5265	-22.2184	-20.1911	-21.3611	-21.5595	-17.3661
2.33333	-19.8956	-21.0786	-18.4133	-19.1998	-18.3744	-12.902
2.41667	-19.0504	-19.6847	-16.3329	-16.707	-14.7798	-7.92956
2.5	-18.5194	-18.7614	-14.9183	-14.9967	-12.2792	-4.44023
2.58333	-18.1734	-18.0339	-13.7126	-13.5034	-10.0177	-1.21808
2.66667	-17.9269	-17.3935	-12.5772	-12.0699	-7.78765	2.00846
2.75	-17.6721	-16.7789	-11.5092	-10.7286	-5.71532	4.99443
2.83333	-17.3464	-16.1054	-10.399	-9.3559	-3.6415	7.9448
2.91667	-17.0748	-15.5178	-9.4154	-8.13394	-1.7827	10.6001
3	-17.0845	-15.2585	-8.81881	-7.33411	-0.439743	12.6229
3.08333	-17.3731	-15.2657	-8.46882	-6.76922	0.699459	14.4807
3.16667	-17.4802	-15.1365	-8.04362	-6.16555	1.77976	16.1569
3.25	-17.173	-14.4382	-6.85474	-4.68154	4.05162	19.4138
3.33333	-16.978	-13.8954	-5.87538	-3.43947	5.9956	22.2355
3.41667	-16.7472	-13.342	-4.91784	-2.23886	7.84648	24.8996
3.5	-16.4151	-12.692	-3.86881	-0.949777	9.77629	27.6304
3.58333	-16.4628	-12.5058	-3.38888	-0.292915	10.9066	29.3538
3.66667	-15.769	-11.2539	-1.43729	2.07948	14.4028	34.2543
3.75	-15.4079	-10.4951	-0.179944	3.63662	16.7613	37.6141
3.83333	-15.002	-9.71224	1.07675	5.17821	19.0639	40.8675
3.91667	-14.8812	-9.33134	1.78406	6.08188	20.4931	42.9544
4	-15.0106	-9.23974	2.15237	6.61653	21.4724	44.4894
4.08333	-15.2161	-9.13409	2.65123	7.35203	22.841	46.6509
4.16667	-14.983	-8.53995	3.69737	8.66977	24.8834	49.5985
4.25	-14.4595	-7.54452	5.28472	10.6135	27.7787	53.6842
4.33333	-14.0475	-6.69968	6.67273	12.3282	30.3666	57.3628
4.41667	-13.4133	-5.59354	8.37049	14.3813	33.3701	61.5548
4.5	-12.8815	-4.66829	9.78815	16.0956	35.8761	65.0502
4.58333	-12.763	-4.25132	10.5794	17.1119	37.4946	67.4213
4.66667	-12.1828	-3.15399	12.3259	19.2492	40.6772	71.911
4.75	-11.8603	-2.44636	13.5177	20.7324	42.9403	75.1485
4.83333	-11.514	-1.74339	14.6689	22.1531	45.0812	78.1894
4.91667	-11.2816	-1.21133	15.5764	23.2863	46.8177	80.6804
5	-11.374	-1.06955	16.0122	23.8997	47.9059	82.3624
5.08333	-11.7511	-1.19932	16.1955	24.2715	48.7819	83.8694
5.16667	-11.6581	-0.796738	16.9862	25.2958	50.4311	86.2998
5.25	-11.1311	0.203625	18.5792	27.2452	53.3327	90.3922
5.33333	-10.7652	0.985453	19.8843	28.865	55.7936	93.9043
5.41667	-10.2915	1.87018	21.2834	30.5731	58.3276	97.4714
5.5	-10.1093	2.31609	22.06	31.5485	59.8343	99.643
5.58333	-9.3488	3.61286	24.0284	33.9207	63.2846	104.442
5.66667	-9.00296	4.38808	25.3429	35.5602	65.7931	108.037
5.75	-8.7864	4.95009	26.3399	36.819	67.7514	110.869
5.83333	-8.55345	5.49833	27.2856	38.0036	69.5738	113.488
5.91667	-8.41559	5.90179	28.0226	38.9414	71.0483	115.633
6	-8.37245	6.22972	28.7071	39.8409	72.5223	117.826
6.08333	-8.74054	6.11287	28.9085	40.2339	73.428	119.374
6.16667	-8.67536	6.47602	29.6454	41.1957	74.9908	121.688
6.25	-8.34817	7.20236	30.8724	42.7242	77.3253	125.03
6.33333	-7.71907	8.34607	32.6627	44.9031	80.5423	129.544
6.41667	-7.32556	9.12303	33.9211	46.4506	82.8635	132.832
6.5	-6.77006	10.0764	35.3731	48.2026	85.4165	136.387
6.58333	-6.69725	10.4319	36.085	49.1299	86.9196	138.61
6.66667	-6.3661	11.1839	37.3652	50.7285	89.37	142.126
6.75	-5.94675	12.0243	38.7343	52.416	91.9081	145.727
6.83333	-5.53899	12.8123	39.9998	53.9688	94.2281	149.006
6.91667	-5.48504	13.1017	40.5848	54.7316	95.4673	150.841
7	-5.46115	13.4055	41.2395	55.5977	96.8978	152.977
7.08333	-5.6481	13.5402	41.7814	56.3844	98.3382	155.235
7.16667	-5.61709	13.857	42.456	57.2743	99.8035	157.419
7.25	-5.53837	14.241	43.2231	58.2724	101.42	159.808
7.33333	-5.35633	14.7671	44.1817	59.4913	103.335	162.594
7.41667	-4.87478	15.6687	45.6089	61.2343	105.922	166.237
7.5	-4.47365	16.4149	46.7876	62.6737	108.057	169.243
7.58333	-4.10889	17.1673	48.0254	64.2034	110.367	172.527
7.66667	-3.39248	18.452	50.0236	66.631	113.941	177.533
7.75	-2.96503	19.3069	51.4147	68.345	116.518	181.189
7.83333	-2.81753	19.742	52.2109	69.3582	118.111	183.507
7.91667	-2.61065	20.2407	53.0765	70.4446	119.789	185.925
8	-2.6474	20.4601	53.6172	71.1791	121.042	187.826
8.08333	-2.73894	20.7299	54.3451	72.1827	122.782	190.487
8.16667	-2.61333	21.1772	55.1957	73.276	124.524	193.039
8.25	-2.13705	22.1116	56.7056	75.1324	127.305	196.978
8.33333	-1.59653	23.1322	58.3281	77.1166	130.255	201.135
8.41667	-1.20564	23.9046	59.5789	78.6549	132.562	204.403
8.5	-1.02102	24.3531	60.3595	79.6355	134.077	206.586
8.58333	-0.689645	25.0627	61.5435	81.1048	136.309	209.771
8.66667	-0.232907	25.99	63.0619	82.9792	139.134	213.787
8.75	0.134711	26.756	64.3281	84.5462	141.505	217.162
8.83333	0.442142	27.4062	65.4083	85.8848	143.535	220.055
8.91667	0.552696	27.7722	66.0947	86.7638	144.929	222.093
9	0.530824	28.0133	66.6656	87.5334	146.23	224.06
9.08333	0.171835	27.9109	66.8876	87.9509	147.171	225.657
9.16667	0.0894291	28.073	67.357	88.6054	148.32	227.425
9.25	0.251931	28.5744	68.2849	89.7901	150.191	230.154
9.33333	0.640076	29.3886	69.6338	91.4607	152.72	233.756
9.41667	1.00438	30.1274	70.8427	92.9525	154.969	236.951
9.5	1.09404	30.4468	71.4508	93.7343	156.215	238.778
9.58333	1.58848	31.374	72.9215	95.5323	158.888	242.546
9.66667	2.17464	32.4807	74.6807	97.6844	162.089	247.057
9.75	2.4045	33.0618	75.7031	98.9728	164.089	249.948
9.83333	2.87202	33.9317	77.0792	100.654	166.584	253.46
9.91667	3.01084	34.3373	77.8195	101.595	168.064	255.613
10	2.90638	34.466	78.2402	102.192	169.13	257.268
