1	1	0	0
1	2	0	0
1	3	0	0
1	4	0	0
1	5	0	0
1	6	0	0
1	7	0	0
1	8	0.4	0
1	9	1	0.26222
1	10	1	0.596082
1	11	1	0.828748
1	12	1	0.971833
1	13	1	1.02343
1	14	1	0.982026
1	15	1	0.848864
1	16	1	0.626118
1	17	0.4	0
1	18	0	0
1	19	0	0
1	20	0	0
1	21	0	0
1	22	0	0
1	23	0	0
1	24	0	0
2	1	0	0
2	2	0	0
2	3	0	0
2	4	0	0
2	5	0	0
2	6	0	0
2	7	0	0
2	8	0	0
2	9	0	0.261035
2	10	1	0.595383
2	11	0.7	0.828644
2	12	0.9	0.972393
2	13	0.3	1.02468
2	14	0.3	0.983962
2	15	0.4	0.851469
2	16	1	0.629449
2	17	0.3	0
2	18	0	0
2	19	0	0
2	20	0	0
2	21	0	0
2	22	0	0
2	23	0	0
2	24	0	0
3	1	0	0
3	2	0	0
3	3	0	0
3	4	0	0
3	5	0	0
3	6	0	0
3	7	0	0
3	8	0.3	0
3	9	1	0.260035
3	10	1	0.594827
3	11	0.8	0.828669
3	12	0.7	0.973075
3	13	0.9	1.02604
3	14	0	0.986003
3	15	0	0.854175
3	16	0	0.632875
3	17	0	0
3	18	0	0
3	19	0	0
3	20	0	0
3	21	0	0
3	22	0	0
3	23	0	0
3	24	0	0
4	1	0	0
4	2	0	0
4	3	0	0
4	4	0	0
4	5	0	0
4	6	0	0
4	7	0	0
4	8	0	0
4	9	0	0.259222
4	10	0.2	0.594416
4	11	0.2	0.828824
4	12	0	0.973877
4	13	0.3	1.02752
4	14	0	0.98815
4	15	0	0.856977
4	16	0	0.636392
4	17	0	0
4	18	0	0
4	19	0	0
4	20	0	0
4	21	0	0
4	22	0	0
4	23	0	0
4	24	0	0
5	1	0	0
5	2	0	0
5	3	0	0
5	4	0	0
5	5	0	0
5	6	0	0
5	7	0	0
5	8	0.1	0
5	9	0.9	0.258595
5	10	0.7	0.59415
5	11	0.5	0.829108
5	12	0.9	0.974799
5	13	0.6	1.02911
5	14	0.5	0.990398
5	15	0.5	0.859873
5	16	0.3	0.639996
5	17	0.1	0
5	18	0	0
5	19	0	0
5	20	0	0
5	21	0	0
5	22	0	0
5	23	0	0
5	24	0	0
6	1	0	0
6	2	0	0
6	3	0	0
6	4	0	0
6	5	0	0
6	6	0	0
6	7	0	0
6	8	0	0
6	9	0.1	0.258157
6	10	0	0.594028
6	11	0	0.829522
6	12	0	0.975839
6	13	0.1	1.0308
6	14	0.2	0.992747
6	15	0	0.86286
6	16	0.1	0.643683
6	17	0	0
6	18	0	0
6	19	0	0
6	20	0	0
6	21	0	0
6	22	0	0
6	23	0	0
6	24	0	0
7	1	0	0
7	2	0	0
7	3	0	0
7	4	0	0
7	5	0	0
7	6	0	0
7	7	0	0
7	8	0	0
7	9	0	0.257908
7	10	0	0.594051
7	11	0	0.830064
7	12	0	0.976997
7	13	0	1.03261
7	14	0	0.995194
7	15	0	0.865937
7	16	0	0.647451
7	17	0	0
7	18	0	0
7	19	0	0
7	20	0	0
7	21	0	0
7	22	0	0
7	23	0	0
7	24	0	0
8	1	0	0
8	2	0	0
8	3	0	0
8	4	0	0
8	5	0	0
8	6	0	0
8	7	0	0
8	8	0	0
8	9	0.5	0.257847
8	10	0.9	0.594219
8	11	0.1	0.830734
8	12	0.1	0.978273
8	13	0	1.03452
8	14	0	0.997737
8	15	0	0.869099
8	16	0	0.651296
8	17	0	0
8	18	0	0
8	19	0	0
8	20	0	0
8	21	0	0
8	22	0	0
8	23	0	0
8	24	0	0
9	1	0	0
9	2	0	0
9	3	0	0
9	4	0	0
9	5	0	0
9	6	0	0
9	7	0	0
9	8	0.2	0
9	9	1	0.257974
9	10	1	0.594533
9	11	0.4	0.831532
9	12	0.1	0.979663
9	13	0	1.03654
9	14	0	1.00037
9	15	0	0.872344
9	16	0	0.655213
9	17	0	0
9	18	0	0
9	19	0	0
9	20	0	0
9	21	0	0
9	22	0	0
9	23	0	0
9	24	0	0
10	1	0	0
10	2	0	0
10	3	0	0
10	4	0	0
10	5	0	0
10	6	0	0
10	7	0	0
10	8	0	0
10	9	0	0.25829
10	10	0	0.59499
10	11	0	0.832456
10	12	0	0.981168
10	13	0	1.03866
10	14	0	1.0031
10	15	0	0.875669
10	16	0	0.6592
10	17	0	0
10	18	0	0
10	19	0	0
10	20	0	0
10	21	0	0
10	22	0	0
10	23	0	0
10	24	0	0
11	1	0	0
11	2	0	0
11	3	0	0
11	4	0	0
11	5	0	0
11	6	0	0
11	7	0	0
11	8	0	0
11	9	0	0.258794
11	10	0.1	0.595592
11	11	0	0.833507
11	12	0.1	0.982786
11	13	0	1.04088
11	14	0	1.00592
11	15	0	0.879072
11	16	0	0.663253
11	17	0	0
11	18	0	0
11	19	0	0
11	20	0	0
11	21	0	0
11	22	0	0
11	23	0	0
11	24	0	0
12	1	0	0
12	2	0	0
12	3	0	0
12	4	0	0
12	5	0	0
12	6	0	0
12	7	0	0
12	8	0	0
12	9	0.2	0.259485
12	10	0.8	0.596337
12	11	1	0.834683
12	12	1	0.984516
12	13	0.9	1.0432
12	14	1	1.00882
12	15	0.9	0.882549
12	16	0.3	0.667368
12	17	0	0
12	18	0	0
12	19	0	0
12	20	0	0
12	21	0	0
12	22	0	0
12	23	0	0
12	24	0	0
13	1	0	0
13	2	0	0
13	3	0	0
13	4	0	0
13	5	0	0
13	6	0	0
13	7	0	0
13	8	0	0
13	9	0	0.260361
13	10	0	0.597225
13	11	0	0.835983
13	12	0	0.986356
13	13	0	1.04561
13	14	0	1.01181
13	15	0	0.886096
13	16	0	0.671542
13	17	0	0
13	18	0	0
13	19	0	0
13	20	0	0
13	21	0	0
13	22	0	0
13	23	0	0
13	24	0	0
14	1	0	0
14	2	0	0
14	3	0	0
14	4	0	0
14	5	0	0
14	6	0	0
14	7	0	0
14	8	0	0
14	9	0	0.261423
14	10	0	0.598255
14	11	0	0.837406
14	12	0	0.988304
14	13	0	1.04812
14	14	0	1.01488
14	15	0	0.889712
14	16	0	0.675771
14	17	0	0
14	18	0	0
14	19	0	0
14	20	0	0
14	21	0	0
14	22	0	0
14	23	0	0
14	24	0	0
15	1	0	0
15	2	0	0
15	3	0	0
15	4	0	0
15	5	0	0
15	6	0	0
15	7	0	0
15	8	0	0
15	9	0	0.262667
15	10	0	0.599426
15	11	0	0.83895
15	12	0	0.990359
15	13	0	1.05072
15	14	0	1.01802
15	15	0	0.893392
15	16	0	0.680051
15	17	0	0
15	18	0	0
15	19	0	0
15	20	0	0
15	21	0	0
15	22	0	0
15	23	0	0
15	24	0	0
16	1	0	0
16	2	0	0
16	3	0	0
16	4	0	0
16	5	0	0
16	6	0	0
16	7	0	0
16	8	0	0
16	9	0	0.264093
16	10	0	0.600737
16	11	0	0.840615
16	12	0.1	0.992519
16	13	0	1.05342
16	14	0	1.02124
16	15	0	0.897134
16	16	0.5	0.684378
16	17	0	0
16	18	0	0
16	19	0	0
16	20	0	0
16	21	0	0
16	22	0	0
16	23	0	0
16	24	0	0
17	1	0	0
17	2	0	0
17	3	0	0
17	4	0	0
17	5	0	0
17	6	0	0
17	7	0	0
17	8	0	0
17	9	0.6	0.265698
17	10	0	0.602187
17	11	0.1	0.842399
17	12	0.7	0.994782
17	13	0.2	1.0562
17	14	0.1	1.02454
17	15	0.3	0.900935
17	16	0	0.68875
17	17	0	0
17	18	0	0
17	19	0	0
17	20	0	0
17	21	0	0
17	22	0	0
17	23	0	0
17	24	0	0
18	1	0	0
18	2	0	0
18	3	0	0
18	4	0	0
18	5	0	0
18	6	0	0
18	7	0	0
18	8	0	0
18	9	0.6	0.26748
18	10	1	0.603773
18	11	1	0.844301
18	12	1	0.997147
18	13	1	1.05906
18	14	0.6	1.0279
18	15	0	0.904791
18	16	0	0.693161
18	17	0	0
18	18	0	0
18	19	0	0
18	20	0	0
18	21	0	0
18	22	0	0
18	23	0	0
18	24	0	0
19	1	0	0
19	2	0	0
19	3	0	0
19	4	0	0
19	5	0	0
19	6	0	0
19	7	0	0
19	8	0.2	0
19	9	1	0.269437
19	10	1	0.605496
19	11	1	0.846319
19	12	1	0.99961
19	13	1	1.06201
19	14	1	1.03134
19	15	1	0.908698
19	16	0.6	0.69761
19	17	0	0
19	18	0	0
19	19	0	0
19	20	0	0
19	21	0	0
19	22	0	0
19	23	0	0
19	24	0	0
20	1	0	0
20	2	0	0
20	3	0	0
20	4	0	0
20	5	0	0
20	6	0	0
20	7	0	0
20	8	0.5	0
20	9	1	0.271566
20	10	1	0.607353
20	11	1	0.848451
20	12	1	1.00217
20	13	1	1.06504
20	14	0.9	1.03483
20	15	1	0.912655
20	16	0.9	0.702091
20	17	0	0
20	18	0	0
20	19	0	0
20	20	0	0
20	21	0	0
20	22	0	0
20	23	0	0
20	24	0	0
21	1	0	0
21	2	0	0
21	3	0	0
21	4	0	0
21	5	0	0
21	6	0	0
21	7	0	0
21	8	0.1	0
21	9	0.9	0.271069
21	10	1	0.605085
21	11	0.9	0.84602
21	12	0.9	1.00005
21	13	0.5	1.06336
21	14	0.4	1.0336
21	15	0.8	0.911924
21	16	0.4	0.702132
21	17	0.1	0
21	18	0	0
21	19	0	0
21	20	0	0
21	21	0	0
21	22	0	0
21	23	0	0
21	24	0	0
22	1	0	0
22	2	0	0
22	3	0	0
22	4	0	0
22	5	0	0
22	6	0	0
22	7	0	0
22	8	0.2	0
22	9	1	0.273131
22	10	1	0.606666
22	11	0.7	0.8478
22	12	0.4	1.00221
22	13	0.5	1.06596
22	14	0.5	1.03664
22	15	0.8	0.915388
22	16	0.2	0.706107
22	17	0	0
22	18	0	0
22	19	0	0
22	20	0	0
22	21	0	0
22	22	0	0
22	23	0	0
22	24	0	0
23	1	0	0
23	2	0	0
23	3	0	0
23	4	0	0
23	5	0	0
23	6	0	0
23	7	0	0
23	8	0	0
23	9	0	0.275336
23	10	0	0.608353
23	11	0	0.849665
23	12	0	1.00445
23	13	0	1.06861
23	14	0	1.0397
23	15	0	0.918867
23	16	0	0.710079
23	17	0	0
23	18	0	0
23	19	0	0
23	20	0	0
23	21	0	0
23	22	0	0
23	23	0	0
23	24	0	0
24	1	0	0
24	2	0	0
24	3	0	0
24	4	0	0
24	5	0	0
24	6	0	0
24	7	0	0
24	8	0	0
24	9	0	0.27768
24	10	0	0.610142
24	11	0	0.851611
24	12	0	1.00674
24	13	0	1.0713
24	14	0	1.04279
24	15	0	0.922356
24	16	0	0.714045
24	17	0	0.419247
24	18	0	0
24	19	0	0
24	20	0	0
24	21	0	0
24	22	0	0
24	23	0	0
24	24	0	0
25	1	0	0
25	2	0	0
25	3	0	0
25	4	0	0
25	5	0	0
25	6	0	0
25	7	0	0
25	8	0	0
25	9	0	0.28016
25	10	0	0.612032
25	11	0	0.853638
25	12	0	1.0091
25	13	0	1.07404
25	14	0	1.04591
25	15	0.2	0.925853
25	16	0	0.718002
25	17	0	0.424132
25	18	0	0
25	19	0	0
25	20	0	0
25	21	0	0
25	22	0	0
25	23	0	0
25	24	0	0
26	1	0	0
26	2	0	0
26	3	0	0
26	4	0	0
26	5	0	0
26	6	0	0
26	7	0	0
26	8	0.6	0
26	9	0.9	0.28277
26	10	0.8	0.614021
26	11	0.8	0.855742
26	12	0.5	1.01152
26	13	0.4	1.07682
26	14	0.1	1.04905
26	15	0.6	0.929354
26	16	1	0.721945
26	17	0.7	0.42898
26	18	0	0
26	19	0	0
26	20	0	0
26	21	0	0
26	22	0	0
26	23	0	0
26	24	0	0
27	1	0	0
27	2	0	0
27	3	0	0
27	4	0	0
27	5	0	0
27	6	0	0
27	7	0	0
27	8	0	0
27	9	0	0.285508
27	10	0.1	0.616106
27	11	0	0.857921
27	12	0.2	1.01399
27	13	0.9	1.07963
27	14	0.6	1.05221
27	15	0	0.932856
27	16	0	0.725873
27	17	0	0.433787
27	18	0	0
27	19	0	0
27	20	0	0
27	21	0	0
27	22	0	0
27	23	0	0
27	24	0	0
28	1	0	0
28	2	0	0
28	3	0	0
28	4	0	0
28	5	0	0
28	6	0	0
28	7	0	0
28	8	0	0
28	9	0.8	0.288367
28	10	0.5	0.618285
28	11	0.6	0.860173
28	12	0.4	1.01651
28	13	0.6	1.08248
28	14	0.8	1.05538
28	15	0.2	0.936356
28	16	0.5	0.72978
28	17	0.4	0.43855
28	18	0	0
28	19	0	0
28	20	0	0
28	21	0	0
28	22	0	0
28	23	0	0
28	24	0	0
29	1	0	0
29	2	0	0
29	3	0	0
29	4	0	0
29	5	0	0
29	6	0	0
29	7	0	0
29	8	0.3	0
29	9	0.8	0.291344
29	10	0.9	0.620555
29	11	0.8	0.862496
29	12	1	1.01909
29	13	0.9	1.08536
29	14	0.5	1.05857
29	15	0.4	0.939851
29	16	0.9	0.733664
29	17	0.9	0.443265
29	18	0	0
29	19	0	0
29	20	0	0
29	21	0	0
29	22	0	0
29	23	0	0
29	24	0	0
30	1	0	0
30	2	0	0
30	3	0	0
30	4	0	0
30	5	0	0
30	6	0	0
30	7	0	0
30	8	0	0
30	9	0	0.294435
30	10	0.1	0.622913
30	11	0	0.864887
30	12	0.4	1.02172
30	13	0	1.08827
30	14	0.3	1.06176
30	15	0.1	0.943337
30	16	0	0.737522
30	17	0.1	0.447929
30	18	0	0
30	19	0	0
30	20	0	0
30	21	0	0
30	22	0	0
30	23	0	0
30	24	0	0
31	1	0	0
31	2	0	0
31	3	0	0
31	4	0	0
31	5	0	0
31	6	0	0
31	7	0	0
31	8	0	0
31	9	0.5	0.297634
31	10	1	0.625356
31	11	1	0.867343
31	12	0.7	1.02439
31	13	0.6	1.0912
31	14	0.9	1.06497
31	15	1	0.94681
31	16	1	0.74135
31	17	0.9	0.452538
31	18	0	0
31	19	0	0
31	20	0	0
31	21	0	0
31	22	0	0
31	23	0	0
31	24	0	0
32	1	0	0
32	2	0	0
32	3	0	0
32	4	0	0
32	5	0	0
32	6	0	0
32	7	0	0
32	8	0	0
32	9	0.5	0.300937
32	10	0.1	0.627883
32	11	0	0.869863
32	12	0	1.0271
32	13	0.2	1.09416
32	14	0.2	1.06817
32	15	0.5	0.950269
32	16	0.5	0.745146
32	17	0.3	0.45709
32	18	0	0
32	19	0	0
32	20	0	0
32	21	0	0
32	22	0	0
32	23	0	0
32	24	0	0
33	1	0	0
33	2	0	0
33	3	0	0
33	4	0	0
33	5	0	0
33	6	0	0
33	7	0	0
33	8	0	0
33	9	0	0.30434
33	10	0.5	0.630489
33	11	0.5	0.872442
33	12	0.3	1.02985
33	13	0.8	1.09714
33	14	0.6	1.07138
33	15	0.5	0.95371
33	16	0.9	0.748905
33	17	0.5	0.461581
33	18	0	0
33	19	0	0
33	20	0	0
33	21	0	0
33	22	0	0
33	23	0	0
33	24	0	0
34	1	0	0
34	2	0	0
34	3	0	0
34	4	0	0
34	5	0	0
34	6	0	0
34	7	0	0
34	8	0	0
34	9	0	0.307837
34	10	0.2	0.633173
34	11	0.7	0.87508
34	12	1	1.03264
34	13	1	1.10013
34	14	1	1.07458
34	15	1	0.957129
34	16	1	0.752625
34	17	0.9	0.466009
34	18	0	0
34	19	0	0
34	20	0	0
34	21	0	0
34	22	0	0
34	23	0	0
34	24	0	0
35	1	0	0
35	2	0	0
35	3	0	0
35	4	0	0
35	5	0	0
35	6	0	0
35	7	0	0
35	8	0	0
35	9	0.5	0.311424
35	10	0.1	0.635931
35	11	0.6	0.877772
35	12	0.8	1.03547
35	13	0.9	1.10314
35	14	0.7	1.07777
35	15	0.4	0.960524
35	16	0.5	0.756303
35	17	0.1	0.47037
35	18	0	0
35	19	0	0
35	20	0	0
35	21	0	0
35	22	0	0
35	23	0	0
35	24	0	0
36	1	0	0
36	2	0	0
36	3	0	0
36	4	0	0
36	5	0	0
36	6	0	0
36	7	0	0
36	8	0.6	0
36	9	1	0.315097
36	10	1	0.63876
36	11	1	0.880517
36	12	1	1.03832
36	13	1	1.10616
36	14	1	1.08096
36	15	1	0.963892
36	16	1	0.759937
36	17	1	0.474663
36	18	0	0
36	19	0	0
36	20	0	0
36	21	0	0
36	22	0	0
36	23	0	0
36	24	0	0
37	1	0	0
37	2	0	0
37	3	0	0
37	4	0	0
37	5	0	0
37	6	0	0
37	7	0	0
37	8	0.6	0
37	9	1	0.31885
37	10	1	0.641657
37	11	1	0.88331
37	12	1	1.04121
37	13	1	1.10918
37	14	1	1.08414
37	15	1	0.967229
37	16	1	0.763523
37	17	1	0.478884
37	18	0	0
37	19	0	0
37	20	0	0
37	21	0	0
37	22	0	0
37	23	0	0
37	24	0	0
38	1	0	0
38	2	0	0
38	3	0	0
38	4	0	0
38	5	0	0
38	6	0	0
38	7	0	0
38	8	0.5	0
38	9	1	0.32268
38	10	1	0.64462
38	11	0.8	0.886151
38	12	0.3	1.04412
38	13	0.2	1.11221
38	14	0.4	1.08729
38	15	0	0.970533
38	16	0	0.767058
38	17	0	0.483032
38	18	0	0
38	19	0	0
38	20	0	0
38	21	0	0
38	22	0	0
38	23	0	0
38	24	0	0
39	1	0	0
39	2	0	0
39	3	0	0
39	4	0	0
39	5	0	0
39	6	0	0
39	7	0	0
39	8	0.5	0
39	9	0.5	0.326581
39	10	0.8	0.647645
39	11	0.4	0.889034
39	12	0	1.04705
39	13	0.5	1.11524
39	14	0.6	1.09044
39	15	0.5	0.973801
39	16	0.6	0.77054
39	17	0.8	0.487103
39	18	0	0
39	19	0	0
39	20	0	0
39	21	0	0
39	22	0	0
39	23	0	0
39	24	0	0
40	1	0	0
40	2	0	0
40	3	0	0
40	4	0	0
40	5	0	0
40	6	0	0
40	7	0	0
40	8	0	4.7063e-007
40	9	0.1	0.330549
40	10	0	0.650728
40	11	0	0.891959
40	12	0	1.05
40	13	0	1.11827
40	14	0.6	1.09356
40	15	1	0.97703
40	16	1	0.773966
40	17	0.3	0.491097
40	18	0	0
40	19	0	0
40	20	0	0
40	21	0	0
40	22	0	0
40	23	0	0
40	24	0	0
41	1	0	0
41	2	0	0
41	3	0	0
41	4	0	0
41	5	0	0
41	6	0	0
41	7	0	0
41	8	0.8	9.40293e-006
41	9	1	0.33458
41	10	1	0.653868
41	11	1	0.894921
41	12	1	1.05297
41	13	0.9	1.1213
41	14	1	1.09665
41	15	1	0.980217
41	16	1	0.777335
41	17	1	0.495011
41	18	0.2	0
41	19	0	0
41	20	0	0
41	21	0	0
41	22	0	0
41	23	0	0
41	24	0	0
42	1	0	0
42	2	0	0
42	3	0	0
42	4	0	0
42	5	0	0
42	6	0	0
42	7	0	0
42	8	0	6.60049e-005
42	9	0.6	0.338669
42	10	1	0.65706
42	11	1	0.897918
42	12	0.9	1.05596
42	13	0.3	1.12432
42	14	0	1.09972
42	15	0	0.98336
42	16	0	0.780642
42	17	0	0.498842
42	18	0	0
42	19	0	0
42	20	0	0
42	21	0	0
42	22	0	0
42	23	0	0
42	24	0	0
43	1	0	0
43	2	0	0
43	3	0	0
43	4	0	0
43	5	0	0
43	6	0	0
43	7	0	0
43	8	0.5	0.00025923
43	9	0.9	0.342813
43	10	1	0.660302
43	11	0.9	0.900946
43	12	1	1.05895
43	13	1	1.12733
43	14	1	1.10276
43	15	1	0.986456
43	16	1	0.783887
43	17	1	0.50259
43	18	0.1	0
43	19	0	0
43	20	0	0
43	21	0	0
43	22	0	0
43	23	0	0
43	24	0	0
44	1	0	0
44	2	0	0
44	3	0	0
44	4	0	0
44	5	0	0
44	6	0	0
44	7	0	0
44	8	0.7	0.000713412
44	9	1	0.347006
44	10	1	0.66359
44	11	1	0.904004
44	12	0.8	1.06195
44	13	1	1.13032
44	14	1	1.10577
44	15	1	0.989502
44	16	0.5	0.787067
44	17	0.8	0.506253
44	18	0.2	0
44	19	0	0
44	20	0	0
44	21	0	0
44	22	0	0
44	23	0	0
44	24	0	0
45	1	0	0
45	2	0	0
45	3	0	0
45	4	0	0
45	5	0	0
45	6	0	0
45	7	0	0
45	8	0.5	0.00155451
45	9	1	0.351244
45	10	0.9	0.666921
45	11	0.8	0.907087
45	12	0.5	1.06496
45	13	0.5	1.1333
45	14	0.6	1.10874
45	15	0.5	0.992497
45	16	0.9	0.790179
45	17	0.9	0.509829
45	18	0.1	0
45	19	0	0
45	20	0	0
45	21	0	0
45	22	0	0
45	23	0	0
45	24	0	0
46	1	0	0
46	2	0	0
46	3	0	0
46	4	0	0
46	5	0	0
46	6	0	0
46	7	0	0
46	8	0.7	0.00288221
46	9	1	0.355525
46	10	1	0.670292
46	11	1	0.910192
46	12	1	1.06797
46	13	1	1.13626
46	14	1	1.11167
46	15	1	0.995436
46	16	1	0.793222
46	17	1	0.513317
46	18	0.2	0
46	19	0	0
46	20	0	0
46	21	0	0
46	22	0	0
46	23	0	0
46	24	0	0
47	1	0	0
47	2	0	0
47	3	0	0
47	4	0	0
47	5	0	0
47	6	0	0
47	7	0	0
47	8	0	0.00475743
47	9	0.4	0.359843
47	10	0.8	0.6737
47	11	0.1	0.913317
47	12	0.3	1.07097
47	13	0	1.1392
47	14	0	1.11457
47	15	0	0.998319
47	16	0	0.796194
47	17	0	0.516715
47	18	0	0
47	19	0	0
47	20	0	0
47	21	0	0
47	22	0	0
47	23	0	0
47	24	0	0
48	1	0	0
48	2	0	0
48	3	0	0
48	4	0	0
48	5	0	0
48	6	0	0
48	7	0	0
48	8	0	0.00720245
48	9	0	0.364194
48	10	0.1	0.677141
48	11	0.4	0.916459
48	12	0.4	1.07398
48	13	0.9	1.14211
48	14	0.5	1.11742
48	15	1	1.00114
48	16	0.6	0.799093
48	17	0	0.520022
48	18	0	0
48	19	0	0
48	20	0	0
48	21	0	0
48	22	0	0
48	23	0	0
48	24	0	0
49	1	0	0
49	2	0	0
49	3	0	0
49	4	0	0
49	5	0	0
49	6	0	0
49	7	0	0
49	8	0.5	0.0102078
49	9	1	0.368576
49	10	1	0.680612
49	11	0.7	0.919614
49	12	0.7	1.07697
49	13	0.3	1.145
49	14	0.2	1.12022
49	15	0.7	1.0039
49	16	0.8	0.801917
49	17	0.6	0.523238
49	18	0	0
49	19	0	0
49	20	0	0
49	21	0	0
49	22	0	0
49	23	0	0
49	24	0	0
50	1	0	0
50	2	0	0
50	3	0	0
50	4	0	0
50	5	0	0
50	6	0	0
50	7	0	0
50	8	0.4	0.0137411
50	9	1	0.372984
50	10	1	0.684111
50	11	0.8	0.922779
50	12	1	1.07996
50	13	0.8	1.14785
50	14	1	1.12297
50	15	0.7	1.0066
50	16	0.3	0.804664
50	17	0.5	0.526361
50	18	0	0
50	19	0	0
50	20	0	0
50	21	0	0
50	22	0	0
50	23	0	0
50	24	0	0
51	1	0	0
51	2	0	0
51	3	0	0
51	4	0	0
51	5	0	0
51	6	0	0
51	7	0	0
51	8	0	0.0177556
51	9	0.1	0.377414
51	10	1	0.687633
51	11	1	0.925951
51	12	1	1.08293
51	13	1	1.15067
51	14	1	1.12568
51	15	1	1.00924
51	16	0.8	0.807334
51	17	0.4	0.529391
51	18	0	0
51	19	0	0
51	20	0	0
51	21	0	0
51	22	0	0
51	23	0	0
51	24	0	0
52	1	0	0
52	2	0	0
52	3	0	0
52	4	0	0
52	5	0	0
52	6	0	0
52	7	0	0
52	8	0	0.022197
52	9	0	0.381864
52	10	0	0.691176
52	11	0	0.929128
52	12	0	1.08589
52	13	0	1.15346
52	14	0	1.12833
52	15	0	1.0118
52	16	0	0.809924
52	17	0	0.532326
52	18	0	0
52	19	0	0
52	20	0	0
52	21	0	0
52	22	0	0
52	23	0	0
52	24	0	0
53	1	0	0
53	2	0	0
53	3	0	0
53	4	0	0
53	5	0	0
53	6	0	0
53	7	0	0
53	8	0.5	0.0268732
53	9	0.2	0.386046
53	10	0	0.694472
53	11	0	0.932044
53	12	0.5	1.08856
53	13	0.9	1.15594
53	14	0.3	1.13066
53	15	0.2	1.01403
53	16	0.4	0.812172
53	17	0	0.534895
53	18	0	0
53	19	0	0
53	20	0	0
53	21	0	0
53	22	0	0
53	23	0	0
53	24	0	0
54	1	0	0
54	2	0	0
54	3	0	0
54	4	0	0
54	5	0	0
54	6	0	0
54	7	0	0
54	8	0.5	0.0318396
54	9	0.5	0.390251
54	10	0.7	0.697788
54	11	1	0.934964
54	12	0.9	1.09121
54	13	0.8	1.15837
54	14	0.5	1.13293
54	15	0.6	1.0162
54	16	0.8	0.814344
54	17	0.8	0.537376
54	18	0.2	0
54	19	0	0
54	20	0	0
54	21	0	0
54	22	0	0
54	23	0	0
54	24	0	0
55	1	0	0
55	2	0	0
55	3	0	0
55	4	0	0
55	5	0	0
55	6	0	0
55	7	0	0
55	8	0.1	0.0370473
55	9	0.3	0.394473
55	10	0.4	0.701123
55	11	0.1	0.937883
55	12	0.2	1.09384
55	13	0	1.16077
55	14	0.4	1.13514
55	15	0.4	1.0183
55	16	0.8	0.816438
55	17	0.1	0.53977
55	18	0	0
55	19	0	0
55	20	0	0
55	21	0	0
55	22	0	0
55	23	0	0
55	24	0	0
56	1	0	0
56	2	0	0
56	3	0	0
56	4	0	0
56	5	0	0
56	6	0	0
56	7	0	0
56	8	0.3	0.0424519
56	9	0.5	0.39871
56	10	0.8	0.704472
56	11	0.2	0.940799
56	12	0.7	1.09645
56	13	0.7	1.16313
56	14	0.5	1.1373
56	15	0.2	1.02032
56	16	0.5	0.818454
56	17	0.4	0.542077
56	18	0	0
56	19	0	0
56	20	0	0
56	21	0	0
56	22	0	0
56	23	0	0
56	24	0	0
57	1	0	0
57	2	0	0
57	3	0	0
57	4	0	0
57	5	0	0
57	6	0	0
57	7	0	0
57	8	0.9	0.0480134
57	9	1	0.402959
57	10	1	0.707832
57	11	1	0.943709
57	12	0.5	1.09903
57	13	0.6	1.16544
57	14	0.4	1.1394
57	15	0.8	1.02228
57	16	0	0.820391
57	17	0	0.544295
57	18	0	0
57	19	0	0
57	20	0	0
57	21	0	0
57	22	0	0
57	23	0	0
57	24	0	0
58	1	0	0
58	2	0	0
58	3	0	0
58	4	0	0
58	5	0	0
58	6	0	0
58	7	0	0
58	8	0.1	0.0536969
58	9	0.7	0.407216
58	10	1	0.7112
58	11	1	0.94661
58	12	1	1.10159
58	13	0.1	1.16771
58	14	0	1.14143
58	15	0.1	1.02416
58	16	0	0.822248
58	17	0	0.546425
58	18	0	0
58	19	0	0
58	20	0	0
58	21	0	0
58	22	0	0
58	23	0	0
58	24	0	0
59	1	0	0
59	2	0	0
59	3	0	0
59	4	0	0
59	5	0	0
59	6	0	0
59	7	0	0
59	8	0	0.0594717
59	9	0	0.411479
59	10	0.2	0.714573
59	11	0	0.949498
59	12	0.3	1.10411
59	13	0.9	1.16992
59	14	0.6	1.1434
59	15	0.4	1.02597
59	16	0.9	0.824024
59	17	0.9	0.548468
59	18	0	0
59	19	0	0
59	20	0	0
59	21	0	0
59	22	0	0
59	23	0	0
59	24	0	0
60	1	0	0
60	2	0	0
60	3	0	0
60	4	0	0
60	5	0	0
60	6	0	0
60	7	0	0
60	8	0	0.0653113
60	9	0	0.415743
60	10	0	0.717948
60	11	0	0.952371
60	12	0.1	1.10659
60	13	0.3	1.17208
60	14	0.6	1.14531
60	15	0.8	1.02771
60	16	0.7	0.825718
60	17	0.4	0.550422
60	18	0.1	0
60	19	0	0
60	20	0	0
60	21	0	0
60	22	0	0
60	23	0	0
60	24	0	0
61	1	0	0
61	2	0	0
61	3	0	0
61	4	0	0
61	5	0	0
61	6	0	0
61	7	0	0
61	8	0.9	0.071193
61	9	0.6	0.420007
61	10	0.9	0.72132
61	11	0.9	0.955225
61	12	0.5	1.10904
61	13	0.6	1.17419
61	14	0.5	1.14715
61	15	0.7	1.02936
61	16	0.9	0.827331
61	17	1	0.552289
61	18	0.5	0
61	19	0	0
61	20	0	0
61	21	0	0
61	22	0	0
61	23	0	0
61	24	0	0
62	1	0	0
62	2	0	0
62	3	0	0
62	4	0	0
62	5	0	0
62	6	0	0
62	7	0	0
62	8	0	0.0770974
62	9	0	0.424266
62	10	0	0.724688
62	11	0.1	0.958059
62	12	0.2	1.11145
62	13	0.1	1.17624
62	14	0.4	1.14891
62	15	0.4	1.03094
62	16	0	0.828861
62	17	0	0.554069
62	18	0	0
62	19	0	0
62	20	0	0
62	21	0	0
62	22	0	0
62	23	0	0
62	24	0	0
63	1	0	0
63	2	0	0
63	3	0	0
63	4	0	0
63	5	0	0
63	6	0	0
63	7	0	0
63	8	0.5	0.083008
63	9	0.9	0.428519
63	10	0.6	0.728048
63	11	0.4	0.960868
63	12	0.6	1.11382
63	13	0.7	1.17823
63	14	1	1.15061
63	15	1	1.03244
63	16	1	0.830309
63	17	1	0.555762
63	18	0.3	0
63	19	0	0
63	20	0	0
63	21	0	0
63	22	0	0
63	23	0	0
63	24	0	0
64	1	0	0
64	2	0	0
64	3	0	0
64	4	0	0
64	5	0	0
64	6	0	0
64	7	0.1	0
64	8	1	0.0889109
64	9	1	0.432761
64	10	1	0.731397
64	11	1	0.96365
64	12	1	1.11614
64	13	1	1.18015
64	14	1	1.15223
64	15	1	1.03386
64	16	1	0.831673
64	17	1	0.557368
64	18	0.4	0
64	19	0	0
64	20	0	0
64	21	0	0
64	22	0	0
64	23	0	0
64	24	0	0
65	1	0	0
65	2	0	0
65	3	0	0
65	4	0	0
65	5	0	0
65	6	0	0
65	7	0	0
65	8	0.7	0.0947944
65	9	1	0.436991
65	10	1	0.734732
65	11	1	0.966403
65	12	0.9	1.11841
65	13	1	1.18202
65	14	0.6	1.15378
65	15	0	1.0352
65	16	0	0.832955
65	17	0.1	0.558889
65	18	0	0
65	19	0	0
65	20	0	0
65	21	0	0
65	22	0	0
65	23	0	0
65	24	0	0
66	1	0	0
66	2	0	0
66	3	0	0
66	4	0	0
66	5	0	0
66	6	0	0
66	7	0	0
66	8	0	0.100649
66	9	0	0.441204
66	10	0	0.73805
66	11	0	0.969122
66	12	0	1.12063
66	13	0.2	1.18382
66	14	0.6	1.15526
66	15	0.2	1.03646
66	16	0.4	0.834154
66	17	0.1	0.560325
66	18	0	0
66	19	0	0
66	20	0	0
66	21	0	0
66	22	0	0
66	23	0	0
66	24	0	0
67	1	0	0
67	2	0	0
67	3	0	0
67	4	0	0
67	5	0	0
67	6	0	0
67	7	0	0
67	8	0.6	0.106465
67	9	0.3	0.445399
67	10	0.3	0.741347
67	11	0.3	0.971807
67	12	0.7	1.12281
67	13	0.5	1.18556
67	14	0.5	1.15666
67	15	0.7	1.03764
67	16	0.3	0.83527
67	17	1	0.561678
67	18	0.4	0
67	19	0	0
67	20	0	0
67	21	0	0
67	22	0	0
67	23	0	0
67	24	0	0
68	1	0	0
68	2	0	0
68	3	0	0
68	4	0	0
68	5	0	0
68	6	0	0
68	7	0	0
68	8	0	0.112238
68	9	0	0.449573
68	10	0	0.744621
68	11	0	0.974453
68	12	0	1.12492
68	13	0.1	1.18723
68	14	0.8	1.15798
68	15	1	1.03874
68	16	1	0.836304
68	17	1	0.562947
68	18	0.5	0
68	19	0	0
68	20	0	0
68	21	0	0
68	22	0	0
68	23	0	0
68	24	0	0
69	1	0	0
69	2	0	0
69	3	0	0
69	4	0	0
69	5	0	0
69	6	0	0
69	7	0	0
69	8	0.8	0.11796
69	9	1	0.453723
69	10	0.8	0.74787
69	11	1	0.977059
69	12	1	1.12698
69	13	0.9	1.18882
69	14	1	1.15922
69	15	0.9	1.03976
69	16	1	0.837256
69	17	1	0.564134
69	18	0.2	0
69	19	0	0
69	20	0	0
69	21	0	0
69	22	0	0
69	23	0	0
69	24	0	0
70	1	0	0
70	2	0	0
70	3	0	0
70	4	0	0
70	5	0	0
70	6	0	0
70	7	0	0
70	8	0.8	0.123627
70	9	1	0.457846
70	10	1	0.751089
70	11	1	0.979622
70	12	1	1.12898
70	13	1	1.19035
70	14	1	1.16039
70	15	1	1.04069
70	16	0.4	0.838126
70	17	0	0.56524
70	18	0	0
70	19	0	0
70	20	0	0
70	21	0	0
70	22	0	0
70	23	0	0
70	24	0	0
71	1	0	0
71	2	0	0
71	3	0	0
71	4	0	0
71	5	0	0
71	6	0	0
71	7	0	0
71	8	0.5	0.129235
71	9	1	0.46194
71	10	1	0.754277
71	11	1	0.982139
71	12	0.9	1.13093
71	13	0.6	1.19181
71	14	0.4	1.16147
71	15	0.4	1.04154
71	16	0.8	0.838916
71	17	0.8	0.566267
71	18	0.3	0
71	19	0	0
71	20	0	0
71	21	0	0
71	22	0	0
71	23	0	0
71	24	0	0
72	1	0	0
72	2	0	0
72	3	0	0
72	4	0	0
72	5	0	0
72	6	0	0
72	7	0	0
72	8	0.7	0.134781
72	9	0.9	0.466001
72	10	0.9	0.75743
72	11	0.7	0.984608
72	12	0.7	1.1328
72	13	1	1.19319
72	14	1	1.16248
72	15	1	1.04231
72	16	1	0.839624
72	17	1	0.567215
72	18	0.7	0
72	19	0	0
72	20	0	0
72	21	0	0
72	22	0	0
72	23	0	0
72	24	0	0
73	1	0	0
73	2	0	0
73	3	0	0
73	4	0	0
73	5	0	0
73	6	0	0
73	7	0.1	0
73	8	0.9	0.140262
73	9	1	0.470028
73	10	1	0.760547
73	11	1	0.987027
73	12	0.8	1.13462
73	13	0.7	1.19449
73	14	0.8	1.1634
73	15	0.5	1.043
73	16	0.1	0.840254
73	17	0	0.568087
73	18	0	0
73	19	0	0
73	20	0	0
73	21	0	0
73	22	0	0
73	23	0	0
73	24	0	0
74	1	0	0
74	2	0	0
74	3	0	0
74	4	0	0
74	5	0	0
74	6	0	0
74	7	0	0
74	8	0	0.145676
74	9	0	0.474018
74	10	0	0.763623
74	11	0	0.989393
74	12	0	1.13637
74	13	0	1.19572
74	14	0	1.16424
74	15	0	1.0436
74	16	0	0.840804
74	17	0	0.568883
74	18	0	0
74	19	0	0
74	20	0	0
74	21	0	0
74	22	0	0
74	23	0	0
74	24	0	0
75	1	0	0
75	2	0	0
75	3	0	0
75	4	0	0
75	5	0	0
75	6	0	0
75	7	0.1	0
75	8	0.4	0.15102
75	9	0.3	0.477968
75	10	0.5	0.766657
75	11	0.1	0.991705
75	12	0.5	1.13805
75	13	0.1	1.19687
75	14	0.3	1.16501
75	15	0.4	1.04413
75	16	0.3	0.841277
75	17	0.1	0.569605
75	18	0	0
75	19	0	0
75	20	0	0
75	21	0	0
75	22	0	0
75	23	0	0
75	24	0	0
76	1	0	0
76	2	0	0
76	3	0	0
76	4	0	0
76	5	0	0
76	6	0	0
76	7	0	0
76	8	0.3	0.156293
76	9	0.6	0.481877
76	10	0.8	0.769646
76	11	0.4	0.99396
76	12	0.1	1.13966
76	13	0.1	1.19795
76	14	0.1	1.16569
76	15	0.3	1.04457
76	16	0.5	0.841674
76	17	0.1	0.570255
76	18	0	0
76	19	0	0
76	20	0	0
76	21	0	0
76	22	0	0
76	23	0	0
76	24	0	0
77	1	0	0
77	2	0	0
77	3	0	0
77	4	0	0
77	5	0	0
77	6	0	0
77	7	0.1	0
77	8	0.1	0.161494
77	9	0.8	0.485741
77	10	0.3	0.772588
77	11	0.1	0.996156
77	12	0.1	1.1412
77	13	0.1	1.19894
77	14	0.6	1.16629
77	15	0.8	1.04494
77	16	0.4	0.841994
77	17	0	0.570835
77	18	0.7	0
77	19	0	0
77	20	0	0
77	21	0	0
77	22	0	0
77	23	0	0
77	24	0	0
78	1	0	0
78	2	0	0
78	3	0	0
78	4	0	0
78	5	0	0
78	6	0	0
78	7	0.2	0
78	8	0	0.166622
78	9	0.6	0.489559
78	10	0.4	0.775481
78	11	0.9	0.998291
78	12	0.6	1.14267
78	13	0.8	1.19986
78	14	0.5	1.1668
78	15	0.7	1.04522
78	16	0.8	0.842241
78	17	1	0.571345
78	18	0.5	0
78	19	0	0
78	20	0	0
78	21	0	0
78	22	0	0
78	23	0	0
78	24	0	0
79	1	0	0
79	2	0	0
79	3	0	0
79	4	0	0
79	5	0	0
79	6	0	0
79	7	0.3	0
79	8	1	0.171675
79	9	0.4	0.493327
79	10	0.3	0.778321
79	11	0.5	1.00036
79	12	0.4	1.14407
79	13	0.5	1.2007
79	14	0.1	1.16724
79	15	0.8	1.04543
79	16	0.4	0.842415
79	17	0.4	0.571789
79	18	0.6	0
79	19	0	0
79	20	0	0
79	21	0	0
79	22	0	0
79	23	0	0
79	24	0	0
80	1	0	0
80	2	0	0
80	3	0	0
80	4	0	0
80	5	0	0
80	6	0	0
80	7	0	0
80	8	0	0.176652
80	9	0	0.497045
80	10	0	0.781107
80	11	0	1.00237
80	12	1	1.14539
80	13	1	1.20145
80	14	1	1.16759
80	15	1	1.04556
80	16	1	0.842517
80	17	1	0.572167
80	18	0.5	0
80	19	0	0
80	20	0	0
80	21	0	0
80	22	0	0
80	23	0	0
80	24	0	0
81	1	0	0
81	2	0	0
81	3	0	0
81	4	0	0
81	5	0	0
81	6	0	0
81	7	0	0
81	8	0	0.181494
81	9	0	0.500669
81	10	0	0.783791
81	11	0	1.00425
81	12	0	1.14655
81	13	0	1.20203
81	14	0.2	1.16778
81	15	0.5	1.04554
81	16	1	0.842499
81	17	1	0.572443
81	18	0.5	0
81	19	0	0
81	20	0	0
81	21	0	0
81	22	0	0
81	23	0	0
81	24	0	0
82	1	0	0
82	2	0	0
82	3	0	0
82	4	0	0
82	5	0	0
82	6	0	0
82	7	0	0
82	8	0	0.186268
82	9	0	0.504244
82	10	0	0.786421
82	11	1	1.00606
82	12	1	1.14764
82	13	1	1.20253
82	14	1	1.16788
82	15	1	1.04545
82	16	1	0.842417
82	17	1	0.572663
82	18	0.3	0
82	19	0	0
82	20	0	0
82	21	0	0
82	22	0	0
82	23	0	0
82	24	0	0
83	1	0	0
83	2	0	0
83	3	0	0
83	4	0	0
83	5	0	0
83	6	0	0
83	7	0	0
83	8	0	0.190973
83	9	0	0.507768
83	10	0	0.788994
83	11	0	1.00781
83	12	0	1.14865
83	13	0	1.20295
83	14	0	1.16791
83	15	0	1.04528
83	16	0	0.842272
83	17	0	0.57283
83	18	0	0
83	19	0	0
83	20	0	0
83	21	0	0
83	22	0	0
83	23	0	0
83	24	0	0
84	1	0	0
84	2	0	0
84	3	0	0
84	4	0	0
84	5	0	0
84	6	0	0
84	7	0	0
84	8	0	0.195609
84	9	0.5	0.511238
84	10	0.3	0.791508
84	11	0	1.00948
84	12	0.1	1.14959
84	13	0.6	1.20329
84	14	0.7	1.16786
84	15	0.9	1.04505
84	16	0.8	0.842065
84	17	0.7	0.572945
84	18	0	0
84	19	0	0
84	20	0	0
84	21	0	0
84	22	0	0
84	23	0	0
84	24	0	0
85	1	0	0
85	2	0	0
85	3	0	0
85	4	0	0
85	5	0	0
85	6	0	0
85	7	0	0
85	8	0	0.200176
85	9	0	0.514653
85	10	0.1	0.793962
85	11	0.1	1.01109
85	12	0.1	1.15045
85	13	0	1.20355
85	14	0	1.16773
85	15	0	1.04474
85	16	0	0.841799
85	17	0	0.57301
85	18	0	0.262039
85	19	0	0
85	20	0	0
85	21	0	0
85	22	0	0
85	23	0	0
85	24	0	0
86	1	0	0
86	2	0	0
86	3	0	0
86	4	0	0
86	5	0	0
86	6	0	0
86	7	0	0
86	8	0.7	0.204671
86	9	1	0.51801
86	10	1	0.796354
86	11	1	1.01263
86	12	1	1.15123
86	13	1	1.20373
86	14	1	1.16753
86	15	1	1.04437
86	16	0.3	0.841475
86	17	0	0.573027
86	18	0	0.262924
86	19	0	0
86	20	0	0
86	21	0	0
86	22	0	0
86	23	0	0
86	24	0	0
87	1	0	0
87	2	0	0
87	3	0	0
87	4	0	0
87	5	0	0
87	6	0	0
87	7	0	0
87	8	0	0.209094
87	9	0	0.521307
87	10	0	0.798681
87	11	0	1.01409
87	12	0	1.15193
87	13	0	1.20383
87	14	0	1.16725
87	15	0	1.04393
87	16	0	0.841094
87	17	0	0.572999
87	18	0	0.263764
87	19	0	0
87	20	0	0
87	21	0	0
87	22	0	0
87	23	0	0
87	24	0	0
88	1	0	0
88	2	0	0
88	3	0	0
88	4	0	0
88	5	0	0
88	6	0	0
88	7	0	0
88	8	0.2	0.213444
88	9	0.9	0.524543
88	10	0.9	0.800943
88	11	1	1.01548
88	12	1	1.15255
88	13	0.9	1.20385
88	14	0.5	1.1669
88	15	0.9	1.04343
88	16	0.9	0.840659
88	17	0.8	0.572927
88	18	0.3	0.264561
88	19	0	0
88	20	0	0
88	21	0	0
88	22	0	0
88	23	0	0
88	24	0	0
89	1	0	0
89	2	0	0
89	3	0	0
89	4	0	0
89	5	0	0
89	6	0	0
89	7	0.6	0
89	8	1	0.21772
89	9	1	0.527715
89	10	1	0.803138
89	11	1	1.0168
89	12	1	1.1531
89	13	0.6	1.2038
89	14	0.8	1.16647
89	15	0.9	1.04286
89	16	0.8	0.840172
89	17	0	0.572814
89	18	0	0.265319
89	19	0	0
89	20	0	0
89	21	0	0
89	22	0	0
89	23	0	0
89	24	0	0
90	1	0	0
90	2	0	0
90	3	0	0
90	4	0	0
90	5	0	0
90	6	0	0
90	7	0	0
90	8	0.4	0.221922
90	9	0.5	0.530823
90	10	0.1	0.805263
90	11	0.1	1.01805
90	12	0.4	1.15357
90	13	0	1.20366
90	14	0	1.16597
90	15	0.2	1.04223
90	16	0.1	0.839635
90	17	0	0.572662
90	18	0.2	0.266039
90	19	0	0
90	20	0	0
90	21	0	0
90	22	0	0
90	23	0	0
90	24	0	0
91	1	0	0
91	2	0	0
91	3	0	0
91	4	0	0
91	5	0	0
91	6	0	0
91	7	0	0
91	8	0.1	0.226048
91	9	0.9	0.533864
91	10	1	0.80732
91	11	0.9	1.01921
91	12	0.9	1.15395
91	13	0.8	1.20345
91	14	1	1.1654
91	15	1	1.04154
91	16	1	0.839049
91	17	0.4	0.572473
91	18	0	0.266723
91	19	0	0
91	20	0	0
91	21	0	0
91	22	0	0
91	23	0	0
91	24	0	0
92	1	0	0
92	2	0	0
92	3	0	0
92	4	0	0
92	5	0	0
92	6	0	0
92	7	0.6	0
92	8	1	0.230099
92	9	1	0.536836
92	10	1	0.809304
92	11	1	1.02031
92	12	1	1.15426
92	13	1	1.20316
92	14	1	1.16477
92	15	1	1.04079
92	16	1	0.838417
92	17	1	0.572249
92	18	0	0.267375
92	19	0	0
92	20	0	0
92	21	0	0
92	22	0	0
92	23	0	0
92	24	0	0
93	1	0	0
93	2	0	0
93	3	0	0
93	4	0	0
93	5	0	0
93	6	0	0
93	7	0	0
93	8	0.9	0.234072
93	9	1	0.539739
93	10	1	0.811217
93	11	1	1.02132
93	12	1	1.15449
93	13	1	1.20279
93	14	1	1.16406
93	15	1	1.03998
93	16	1	0.837741
93	17	1	0.571992
93	18	0.2	0.267996
93	19	0	0
93	20	0	0
93	21	0	0
93	22	0	0
93	23	0	0
93	24	0	0
94	1	0	0
94	2	0	0
94	3	0	0
94	4	0	0
94	5	0	0
94	6	0	0
94	7	0	0
94	8	0.2	0.237967
94	9	0.1	0.542571
94	10	0	0.813056
94	11	0	1.02226
94	12	0	1.15465
94	13	0	1.20235
94	14	0	1.16329
94	15	0	1.03912
94	16	0	0.837023
94	17	0	0.571705
94	18	0	0.268588
94	19	0	0
94	20	0	0
94	21	0	0
94	22	0	0
94	23	0	0
94	24	0	0
95	1	0	0
95	2	0	0
95	3	0	0
95	4	0	0
95	5	0	0
95	6	0	0
95	7	0	0
95	8	0.2	0.241783
95	9	0.2	0.54533
95	10	0.3	0.814822
95	11	0.2	1.02312
95	12	0.2	1.15472
95	13	0.9	1.20184
95	14	0.9	1.16245
95	15	0.5	1.03821
95	16	1	0.836265
95	17	1	0.571389
95	18	0.6	0.269154
95	19	0	0
95	20	0	0
95	21	0	0
95	22	0	0
95	23	0	0
95	24	0	0
96	1	0	0
96	2	0	0
96	3	0	0
96	4	0	0
96	5	0	0
96	6	0	0
96	7	0.6	0
96	8	1	0.24552
96	9	1	0.548016
96	10	1	0.816512
96	11	1	1.02391
96	12	1	1.15472
96	13	1	1.20125
96	14	1	1.16155
96	15	1	1.03724
96	16	1	0.835469
96	17	1	0.571047
96	18	0.2	0.269696
96	19	0	0
96	20	0	0
96	21	0	0
96	22	0	0
96	23	0	0
96	24	0	0
97	1	0	0
97	2	0	0
97	3	0	0
97	4	0	0
97	5	0	0
97	6	0	0
97	7	0	0
97	8	0	0.249177
97	9	0	0.550627
97	10	0	0.818126
97	11	0	1.02462
97	12	0	1.15465
97	13	0.1	1.20059
97	14	1	1.16059
97	15	1	1.03623
97	16	1	0.834638
97	17	1	0.570681
97	18	0.8	0.270215
97	19	0	0
97	20	0	0
97	21	0	0
97	22	0	0
97	23	0	0
97	24	0	0
98	1	0	0
98	2	0	0
98	3	0	0
98	4	0	0
98	5	0	0
98	6	0	0
98	7	0.4	0.00734917
98	8	0.8	0.252753
98	9	0.6	0.553163
98	10	0.6	0.819665
98	11	0.8	1.02525
98	12	0.3	1.15449
98	13	0.9	1.19986
98	14	1	1.15957
98	15	0.9	1.03517
98	16	1	0.833773
98	17	0.9	0.570294
98	18	0.4	0.270715
98	19	0	0
98	20	0	0
98	21	0	0
98	22	0	0
98	23	0	0
98	24	0	0
99	1	0	0
99	2	0	0
99	3	0	0
99	4	0	0
99	5	0	0
99	6	0	0
99	7	0.5	0.00920353
99	8	1	0.256248
99	9	0.4	0.555621
99	10	0.1	0.821127
99	11	0.7	1.0258
99	12	0.9	1.15427
99	13	0.9	1.19906
99	14	1	1.15849
99	15	0.7	1.03407
99	16	0.8	0.832877
99	17	0.3	0.569886
99	18	0	0.271197
99	19	0	0
99	20	0	0
99	21	0	0
99	22	0	0
99	23	0	0
99	24	0	0
100	1	0	0
100	2	0	0
100	3	0	0
100	4	0	0
100	5	0	0
100	6	0	0
100	7	0.5	0.0111886
100	8	1	0.259661
100	9	1	0.558003
100	10	1	0.822511
100	11	0.8	1.02628
100	12	0.8	1.15396
100	13	0.8	1.1982
100	14	0.9	1.15736
100	15	0.9	1.03292
100	16	1	0.831952
100	17	1	0.569461
100	18	0.8	0.271664
100	19	0	0
100	20	0	0
100	21	0	0
100	22	0	0
100	23	0	0
100	24	0	0
